0.0,0.013428234385214611,0.7951375845121251,0.9441579131971852,0.9090363637295019,0.044760543778345374,0.5791195996345119,0.497255329592374,0.23721782911112993,0.048254751585948295,0.022157869503001634,0.005094090862870216,0.016179108578872357,0.02167097108677158,0.014337171007758607,0.008995078651061306,0.04800274298404808,0.008687657726246877,0.020825003708185075,0.019206738931257586,0.012111247538324633,0.02282403795298471,0.026540865970222715,0.04687005294011688,0.053116198172392874,0.051708313008432996,0.02550250135329675,0.008985710225497802,0.030585002334416283,0.019738879006072605,0.014003767693995093,0.03030421141691619,0.05616564952609749,0.051627977545379775,0.007934209456517157,0.015880976925423368,0.5124252437956571,0.011702503966466713,0.033864956058317554,0.015677682122339432,0.007751351742889719,0.007744303193785697,0.7386624912305164,0.32517004034913377,0.8912831264771721,0.03627693269716655,0.035755914613819745,0.01906729058738918,0.015793572766348695,0.02813421380730885,0.03251448158542111,0.017409028193701482,0.017972670359012996,0.03257296836245697,0.02461596121336866,0.01214104404131539,0.014423648191617025,0.03217622502706951,0.03517857748521932,0.012145285791588984,0.029399177782861143,0.017835269497355276,0.009335216479649848,0.029186238963918698,0.010374483709937862,0.03050209895896421,0.030152419688746063,0.0126286103556389,0.014534804353499534,0.012935427759152504,0.046514984695208615,0.04462264703572573,0.023178498081249693,0.03673880933081618,0.024898683729573424,0.023254874545517244,0.022994219089296192,0.024377321685476884,0.017626676948342433,0.02521400053200331,0.038777431935643744,0.026383539222463157,0.027985523509987682,0.04004647253618883,0.0363267151504362,0.010096649337098047,0.027689251720081583,0.00794546558273795,0.033342073540364725,0.03308368452875327,0.039109305204557694,0.013946284046146548,0.027947047567121124,0.05828483324853913,0.09524678586502844,0.2238898622421969,0.025455748119068602,0.014121373017903402,0.022814964664456986,0.018659073392039382,0.011120712726945174,0.03311132251828557,0.12930677153869122,0.09681676349016775,0.023253569977119935,0.038904588955949525,0.01824320942646639,0.011813994120462905,0.031190038916940353,0.014138527786499417,0.022627793161485835,0.010591522743337738,0.01802805056584987,0.031395729291211025,0.3140253804421107,0.036765596221106533,0.03545255868052319,0.014042536967904907,0.03567939465953518,0.03707126629105456,0.024470020251436048,0.004749098002473517,0.03581952067055584,0.037912571656561284,0.036268495409068485,0.013003446863795532,0.036064394488357784,0.02535487879870487,0.03125294568144828,0.013160765121393208,0.03392905649013915,0.03015801558516885,0.03817778565282646,0.03437948273798503,0.008258636498445418,0.03236746025369575,0.027758719223760813,0.023960741872249485,0.01308688503800813,0.014615654595451485
0.013428234385214611,0.0,0.011013860687471682,0.012181874237451741,0.015513963427601701,0.020522509419291474,0.00928344597605329,0.010682295808476993,0.011189520344222124,0.015380788123856433,0.588878460586211,0.0060050927930798545,0.03917299325565829,0.48125065769865943,0.41917972824592753,0.011662422444602291,0.029715897603630994,0.012469844461708816,0.5094975171078748,0.6167602326477583,0.011226937140611858,0.013182854279510478,0.01938833766051965,0.029499082658790268,0.03831502274862147,0.04084614507733865,0.020710398665449464,0.011699100432741241,0.027387052977661103,0.022998801760292897,0.010648416093419481,0.013909453789700646,0.039265595714603536,0.03713498141343637,0.12079491264198756,0.021202727684821,0.015998653298119142,0.008248994004304845,0.018500963003720113,0.006233279804212666,0.0059109155246318615,0.013180519335128402,0.01145138186984477,0.014308776481568499,0.014601762603190349,0.021984574620153095,0.02469284173122164,0.017111291160849793,0.011110582403323587,0.018757434351584275,0.016835919077060307,0.011572854678012107,0.012239868754277714,0.01947280542563238,0.01949395029586507,0.007867038311940595,0.009004656988738542,0.02739385698182076,0.016829760370353327,0.009837319314219516,0.025703092367074683,0.01350549669999072,0.008714906709995205,0.02545181682814652,0.012235428513295147,0.017286221677998547,0.024459578103430996,0.012833624159546688,0.011833555463142027,0.012962133977683527,0.020390402766095887,0.015545751216804958,0.02414687535535544,0.019644869013200908,0.019444439636123554,0.022355191144625454,0.0242793275372839,0.02242677528249567,0.018615137839192587,0.02331176248754587,0.039441711600420835,0.02361011630941416,0.028173943066194963,0.04263442015589487,0.04180158863529517,0.011422606997691254,0.019317781458153667,0.010773471179085604,0.04485246210874506,0.04171645828784107,0.021313408143606674,0.012761930466563563,0.014862147440000313,0.024839404685963608,0.017907711569353113,0.01320471040929867,0.015561394842833249,0.007295751146518751,0.014132303563438869,0.020150942697657638,0.009490807752800475,0.015501090174927526,0.012463710657022824,0.017451263325738237,0.03407575702262947,0.03991960834348343,0.015020420313776362,0.009728915190628424,0.025713491750564237,0.01055881848000602,0.01659589015305367,0.0066161638902747,0.01061489016617105,0.016902840943747603,0.017229910023577655,0.02318331496480752,0.02509489218351584,0.012898137551451638,0.019321593607948436,0.01737892346703921,0.022073053019285287,0.017081579639428957,0.015309564013745136,0.026877184604625497,0.01972878459447173,0.014553422554252791,0.0180826533956736,0.022265672689652363,0.024218216431514502,0.0108009740952475,0.023467036669084583,0.022981768558651722,0.023808367907615344,0.021697445375672152,0.016885011576413835,0.0185858509249131,0.018847469061383463,0.012231102376513495,0.012444303002148185,0.0099231708903996
0.7951375845121251,0.011013860687471682,0.0,0.7089798649663901,0.8042686344845853,0.024890212534704026,0.31182371059363606,0.2523334876680235,0.0726289623199228,0.013385642594369154,0.019006807420785598,0.005801188595758079,0.018880309167816113,0.017245109222477344,0.013581168836554943,0.010452488403057769,0.042717956929732015,0.009805247500330938,0.021620384364983588,0.016039047648222997,0.013207647707389076,0.022778404744393587,0.024911807751820367,0.043600810728257236,0.046964908607473974,0.04603212899569126,0.02406550082924104,0.00639662171365233,0.02821324584681114,0.01717028192978162,0.013492232254506624,0.02152975114578608,0.04829138961923171,0.04442324372339704,0.009376498984617341,0.017996212552549056,0.4435863147957342,0.009570548013168976,0.020478502862385194,0.016924131247051125,0.006335840315420224,0.006971506408847233,0.577109902998075,0.2498097323594,0.7682066760818768,0.03700026886634725,0.020556587905721135,0.02213653665662674,0.017511181118444182,0.02328031824911179,0.03434774765482797,0.017311398506610592,0.014403253971174652,0.026488203934796714,0.025533115086400972,0.015902287001233674,0.011409139123226893,0.03205226296220497,0.024641404559358305,0.013724247340930074,0.02775870190649672,0.0196752716308186,0.008828676225668824,0.023559774091780485,0.011576673258941645,0.02868500071797053,0.02547154589401952,0.013165207038513572,0.014731087932078042,0.010860831112077028,0.03873941013914965,0.015729870324953606,0.0162993470366543,0.027540536346848814,0.022212108091545925,0.022127975817897622,0.02017016353962164,0.020112812994819422,0.02093941332725819,0.023511342518565126,0.03212820252564274,0.023043221030052737,0.022371068782040676,0.03170015238788129,0.02576549724329972,0.010253386386941073,0.02820052762079289,0.008631197463949329,0.028664856791429983,0.022937076972670625,0.030509779346596953,0.013753722609812318,0.01295679751376945,0.048413505027578234,0.0916149284196553,0.2011319083670673,0.01126541289624866,0.011276821720395997,0.012179952708158913,0.015917940899652795,0.011036231315040692,0.032398210391061236,0.1477840954028647,0.09344492175519906,0.020158624347204706,0.03521003435259302,0.019192513248030018,0.009791483756982028,0.022459482349219784,0.013883197387135178,0.020459008784905152,0.00816631984441955,0.015233773129831865,0.03066540006014056,0.2248120453566584,0.03251656319219536,0.03262772870886418,0.014177412860804454,0.03376997670095566,0.03622271232937354,0.02390128806286824,0.006894584830863209,0.033456991991998385,0.029569227503956328,0.032989065721073664,0.014763102622526851,0.028328407785741517,0.02321895096866125,0.02502321600037806,0.013724707609839628,0.024835887488495554,0.023302072443119645,0.029671123734523554,0.02529088601836801,0.005412206372664098,0.02466233341461959,0.02352130282291728,0.01641248241966237,0.014384873630381158,0.013172760605325724
0.9441579131971852,0.012181874237451741,0.7089798649663901,0.0,0.8112999812587826,0.09473053543014026,0.714360088391473,0.6738266437583443,0.31657328859348327,0.10270258646731632,0.022406911351233183,0.005507986225636957,0.016500108206418094,0.020696116907259417,0.013461821818018176,0.007157986099232908,0.04497972369679852,0.00925799870426211,0.01814902615237441,0.01899370179366932,0.013011864826664762,0.024579917448893148,0.02712090355614922,0.04265127481276003,0.049092005892785624,0.04747030271189446,0.026024974873870947,0.009308845218976326,0.030223530292779216,0.02505621566493998,0.012633303178023012,0.030623868503987236,0.05235087200325963,0.04826264987877542,0.009180107226627581,0.017320499323633,0.4814880511885767,0.01268848603363737,0.03360280514269872,0.014679513710767502,0.008112740933008601,0.006683148362382783,0.6797353086805309,0.2895151159379883,0.7751704378734058,0.038344656005555026,0.0335498188398256,0.021120799728039295,0.01563311190293588,0.0268814815773752,0.034695973268531015,0.018443632217387124,0.01882099210235312,0.0335384678331819,0.025523236388019455,0.012240217415081751,0.013621474108406776,0.03294937568340768,0.035331414078672706,0.011538810128546833,0.030127725164285902,0.018124957435076874,0.011021002479227923,0.031301571614384543,0.00983727261180524,0.031619156201212396,0.03225498402296988,0.011826658368961619,0.013442515637848429,0.01291028036886151,0.06748050565587413,0.09839679163443835,0.02697405297046191,0.05042378272965011,0.032556465122720535,0.029674869340951558,0.030165658945783953,0.031207975831125476,0.0319067607453791,0.0348717093981931,0.04417287886236252,0.03448714030572349,0.03041551499200866,0.04567181634280312,0.041962073492937665,0.009134320557803534,0.03142491243001231,0.007859142929971984,0.03631568639052126,0.038069699304292895,0.04033133428868215,0.013369956895615993,0.03206987767875438,0.05080761091446388,0.08657494741293592,0.20024865103294487,0.029295102327120556,0.014678636246010535,0.02660437382346841,0.022409119076494174,0.010573179710669876,0.03399362388011926,0.11689079275447932,0.0877956214069666,0.02466829147723602,0.03889020535941683,0.02045742481890294,0.013058526261274248,0.03037400267655304,0.01398825003530057,0.023469514052077492,0.009847522824161813,0.018181899452041506,0.032997852036648456,0.23554499336574455,0.03698157410937147,0.0356765911207268,0.014146663964175346,0.037257149906716136,0.03979531074020199,0.024259442062044907,0.004451385913695103,0.037561776342275935,0.03733440072583566,0.03907207366934791,0.012278671290958837,0.04019363835728926,0.02700106403104657,0.03280457690273155,0.01296425092424293,0.034908070456186276,0.032354261884050814,0.03758700957633342,0.03707616963111901,0.009138342516341188,0.03377374205865132,0.03065610020650793,0.026984690612109445,0.013815692728798989,0.0141782279383921
0.9090363637295019,0.015513963427601701,0.8042686344845853,0.8112999812587826,0.0,0.02419620206182037,0.3596452078219584,0.2920993676139217,0.08612018511872419,0.017554628104480628,0.02610583956191955,0.00607067858488877,0.017656745176224328,0.02263956565960323,0.015719093645347997,0.009894088834166637,0.048687960056447196,0.007783870276878471,0.024258254377398814,0.02270393874448242,0.013287896549527388,0.02157109371596609,0.025445195585503632,0.04877579099000506,0.05265835106325362,0.05198077103519542,0.025015167378431943,0.010351965877656957,0.030589690901100513,0.014971100502875853,0.014906946003240544,0.02842161542934329,0.0557440281311885,0.05216564736680932,0.007988059389735605,0.016692724774408575,0.5107439260978468,0.013457417349931229,0.03371863728079677,0.01794930487285752,0.008980202500383836,0.00801209700713905,0.6625645965084515,0.28508849136099057,0.8828908353478444,0.03924680420596342,0.03195974886283014,0.023249738158715477,0.018719733099129353,0.02351310729480656,0.03449013768204348,0.0170732645852891,0.017068343142393968,0.03203646178790011,0.027481631715341192,0.012795394654218197,0.013711652575169481,0.034506929363777465,0.03258464587304871,0.01314687597368842,0.03046909070872993,0.01951573445940665,0.007727281179122709,0.029604455130349774,0.011777532126115361,0.025873713653687905,0.03041650773452957,0.011939298428999384,0.014077758350550841,0.010003500884389522,0.03857970731816399,0.01626546605771441,0.018195540329073046,0.028242861303306048,0.024181052395470103,0.024704876331184372,0.02226873956916099,0.021730356547715234,0.016417740691727425,0.024308313689835756,0.03445970995895423,0.025403909900644984,0.02483651075232939,0.035519184118204414,0.029933377120739835,0.01112828129772069,0.025456916157458126,0.007561514290235237,0.028772874652317725,0.02802600201653462,0.03386700667745131,0.012924179760415275,0.022889534129951,0.0630654060950227,0.09703028862556669,0.22968998131763996,0.02033946271180452,0.013082219858891462,0.018227712317091017,0.020834680483613522,0.011288916417048536,0.02986273701477468,0.12909404276541797,0.09853969386209259,0.02055592246034168,0.039138719676648136,0.01731123833298894,0.009910638921315435,0.03090135439066477,0.013860559204484462,0.021617425631606478,0.008994008001379183,0.019710047382034312,0.029247112535332524,0.2587571051526768,0.03982313437961421,0.038006596968481424,0.014103837483524357,0.03070855543564531,0.03619520622329498,0.025654511023116736,0.004589757434000867,0.03233775371173699,0.039040914637761215,0.03182718417280875,0.012745092578028649,0.03296671855765415,0.027344264038417155,0.029334412415801654,0.014115149649080743,0.03465294412399734,0.02702625733032914,0.03683783618123444,0.0317476155432969,0.007777379240177565,0.027009942092645574,0.027396337217951306,0.020139864335772088,0.013637034709034603,0.01761110372658098
0.044760543778345374,0.020522509419291474,0.024890212534704026,0.09473053543014026,0.02419620206182037,0.0,0.42708172164536357,0.459047329715581,0.4681014820114926,0.4620252198472668,0.023662412666061172,0.010152220095481737,0.0438298656352967,0.01603449550367229,0.01749140977127256,0.010174983808270546,0.0394922525968249,0.006804234738732431,0.02684048122312606,0.022722900598997318,0.01154219330567414,0.03138403534951938,0.04636206155812598,0.04575707862304104,0.04801619817557389,0.048000431374781626,0.04614428164275176,0.008606175104782295,0.04318235863159736,0.04048035340447719,0.007759937415391948,0.03260892384127544,0.04897998632287485,0.04511532920997165,0.010557678105742827,0.025903197256424256,0.03644352687911332,0.014953382198496977,0.02708805026796427,0.017786876738969542,0.009830000314705357,0.006694806119611998,0.030561217847863354,0.039521765517775545,0.027627262273016807,0.026063607680215605,0.02464275213486642,0.028777684539367288,0.006826982440541254,0.02885457811447643,0.033863315272704794,0.00810627571487995,0.02885561960494676,0.029183010264222188,0.028934809043388587,0.006917589306974106,0.009959977900707606,0.031098481911734043,0.029641768513596206,0.007729082379206256,0.027662920606650446,0.017714754816972253,0.012027286271520467,0.03555208090283966,0.007790700339135125,0.024262299278468406,0.03579763568322684,0.006742659621147317,0.008964542844821323,0.009228164999381656,0.02646334322492848,0.41920572075616386,0.03103900500599501,0.025114095870912644,0.04531014706165875,0.05259258572674743,0.040556276556735,0.03355949848676496,0.03841369792007701,0.051853215217565446,0.04026245767331273,0.05015961742899114,0.03127781571453343,0.037521158456785254,0.040463221080972916,0.006855671594760427,0.028812719882613313,0.011521724307761773,0.04081985967128436,0.030642362858466988,0.029157065077346007,0.01834610661231696,0.04289788169024461,0.02575996266958409,0.031665438012154816,0.025953808659869296,0.044425076528130984,0.010225005806582897,0.04143430999422612,0.047766894741790245,0.015249789201456445,0.033774056875715136,0.035189883761022514,0.03171176612838793,0.016176046658052577,0.026298560914747172,0.03763517523694695,0.008731051295424154,0.026880911265451245,0.010018228752029838,0.025172366187853838,0.00856279876058144,0.00988799687082914,0.03853922119591612,0.030807208303142077,0.028235409036064637,0.03227163672697281,0.010659549786334937,0.03575224345499433,0.03806259554536379,0.028065890136877804,0.010418159322022124,0.03708606555655353,0.031142677251463125,0.036490165979487635,0.012064546714544983,0.04334663155820004,0.03360001747498856,0.028310225776758194,0.012132159931821318,0.03531761546616592,0.029602521490222956,0.02377120981759987,0.03687283379016922,0.006649752784550849,0.02664035777200087,0.03301917904858549,0.027370694938193357,0.006615903140239612,0.008122870202968884
0.5791195996345119,0.00928344597605329,0.31182371059363606,0.714360088391473,0.3596452078219584,0.42708172164536357,0.0,0.9427561080769686,0.6809607324693755,0.4182698325888717,0.01925769957043955,0.006760970736156497,0.030658074039067385,0.01674707346915477,0.01373117272332406,0.006633655160716583,0.03673492624814089,0.007702029664452826,0.015396778397972287,0.01611036422937269,0.01346119670827236,0.02638986273068602,0.02845517880588337,0.03436537685405579,0.0406732151236486,0.03983381903452111,0.027199182892895385,0.009583328828468973,0.030038759264695746,0.04015874352222081,0.010069592549209022,0.03561715213032156,0.043510219116417836,0.03801441384444518,0.010327675046139842,0.022926993822362678,0.2531531892247659,0.00982285742270016,0.030380611808150427,0.012520721912688047,0.007493121716769628,0.006557853584936277,0.41403243883922053,0.17823103748011715,0.35315224421853814,0.033229814001739987,0.040894825403749405,0.026969910937268863,0.009594122814897035,0.030412353763205915,0.031020160880538557,0.011989540676536728,0.027890331943565806,0.036573172754545163,0.02442262493898392,0.008606968604567873,0.012734885236431246,0.03207693493078945,0.032343127925084765,0.007453083877145027,0.030144021786799122,0.01581140098155422,0.012843606569814035,0.03415878350321963,0.009544264830527817,0.02893543848004543,0.032768534916876715,0.009521622475615738,0.01050890095907826,0.013245749961052941,0.04998126248108545,0.40411797190463034,0.04496799735806311,0.048137194361012485,0.03962662551961751,0.038719116448597074,0.031637241576188004,0.03329158835152791,0.028828326810632143,0.04121383363514024,0.04235551377436606,0.04205388897167543,0.033653485702119616,0.0437034282199018,0.04511341991081287,0.008886577641563111,0.02743031885770264,0.010449320300030701,0.03466421032874324,0.037545457788927955,0.03874610916621251,0.013464738944111923,0.042579853745038386,0.032347637750970513,0.058355987815368764,0.10214126970185668,0.041031768968190614,0.013843682962960987,0.0375281293829742,0.033072183795647164,0.01022856276829923,0.03182723163230308,0.07853141929941929,0.05859071053234174,0.02263317279518245,0.03621695818020345,0.027984315921550332,0.014284056651474348,0.034257525741757125,0.012638109099152835,0.026383300956423838,0.010135146188858976,0.01433404255019259,0.0333171138799177,0.13086297561702148,0.03186875923925512,0.028582822279656438,0.013616234602622906,0.037141313850290965,0.03687343754381203,0.023388536517442046,0.008490828433432882,0.03618405752855172,0.03509502553761,0.03864328864999827,0.012859345044170687,0.0586341491140687,0.028686183694157732,0.032482023252794014,0.014093192649951578,0.034726970455762445,0.031543736822151,0.033201623603405984,0.037806907737698625,0.009066639774757178,0.035942453073264054,0.03312494538849794,0.03061888666799587,0.010859168921233007,0.011941926957274331
0.497255329592374,0.010682295808476993,0.2523334876680235,0.6738266437583443,0.2920993676139217,0.459047329715581,0.9427561080769686,0.0,0.6775359845972885,0.43968646038578285,0.018342951309029555,0.006956468512540365,0.028982353877540005,0.017719251596635337,0.015265454559343986,0.0055933275902325455,0.03255764716812904,0.008084478268080116,0.014767717493886374,0.016052730655563965,0.014111402090505936,0.02854083562135252,0.030188250450306094,0.031675734458910414,0.037438852080004456,0.03630836272048866,0.029415226715326693,0.0093715309772723,0.03033376111876521,0.03865338110854449,0.009806477672925728,0.03305416901285741,0.04016473830290137,0.035264152362822786,0.011975758850077458,0.024978272926342457,0.21562262102588314,0.011654953487514663,0.02891874753592749,0.013022003258614386,0.008098719767745996,0.0067159262520743055,0.35726305753864984,0.15461649467721159,0.2894350667855099,0.033998935502847064,0.040332892629984726,0.026918672834346822,0.00934311625082649,0.03155386162962963,0.03223922866503448,0.013109550418221783,0.030403630802001754,0.03725663748120637,0.02310750539186389,0.008668127754634996,0.0116630414091217,0.031353883383021725,0.030955742190798764,0.00784271524044069,0.028065879434710707,0.015441977907726367,0.01346695794700585,0.03233250160003539,0.00923053572596257,0.028494962435515005,0.032392255984352254,0.008658983195853641,0.009772476173667942,0.012624505301981653,0.07603658592342273,0.4248618343406013,0.04085630493283779,0.06292957689952294,0.05483380510534963,0.05546522284167803,0.05546260373739248,0.05436211167928704,0.05595179810975872,0.0647260644896294,0.0441454863561038,0.06420971979599972,0.03366236082920287,0.04370700389586545,0.044571642506811775,0.007428202460677823,0.02882352056883036,0.009876689003168453,0.03738521903787103,0.03736799438413947,0.039513435790846006,0.01288778279963128,0.03990766479419834,0.03408780616388,0.05428684713267515,0.08913692028577375,0.03837492953196725,0.012748771545993236,0.03550299298170485,0.0340455620394833,0.010175032513477601,0.03284103819642535,0.06798320997199556,0.05438958606180396,0.022770917687751836,0.034874151379855924,0.03718531360317662,0.015226071442110158,0.033700631207397407,0.013607795005364116,0.03132260388696197,0.00962318354467353,0.019700232746908564,0.03698887822242231,0.11198829397032033,0.03247160647297662,0.029430062232082676,0.013909650343902059,0.03756761706319459,0.03971934376853333,0.022671887594334847,0.008134591565566764,0.03812805566005985,0.034088364953048414,0.04143257960236246,0.011883031633928485,0.05707024847579292,0.028210344533959045,0.031342287770916244,0.011940104949387877,0.03278078736754921,0.03173736682555626,0.032233252470535656,0.03652461608584839,0.009814001805945482,0.033922224225609025,0.032490079863202605,0.030298228201477522,0.010662117673237137,0.010205609600779472
0.23721782911112993,0.011189520344222124,0.0726289623199228,0.31657328859348327,0.08612018511872419,0.4681014820114926,0.6809607324693755,0.6775359845972885,0.0,0.4691494609993624,0.037238132399602365,0.01104294880274685,0.03922429291768882,0.019591762767284457,0.018036785216741527,0.013205597461343033,0.03225052775556977,0.005836146719509041,0.015274379696342027,0.024464802745670724,0.00936598313394731,0.021735379186559812,0.026563477318855774,0.03632021561124229,0.039084868250001674,0.038817388906612474,0.024879583152689694,0.012101755605738335,0.0278612714264047,0.037468714683367675,0.013372484014993974,0.10901687471032206,0.04042246828406903,0.03195529377283702,0.011320831284557454,0.03426072278632665,0.08160549793776088,0.006760142530499702,0.0653836583607464,0.012120173417316688,0.006765688568770824,0.006518318513012827,0.2549931659688989,0.16792500755797538,0.1477486258282396,0.11651061220910687,0.1523382068145734,0.1844255285779109,0.01033682172435775,0.21466592444863672,0.06940327655723846,0.011337595376240007,0.15619120462079547,0.17698392914018016,0.11736173437063126,0.009405596525565387,0.012222238937075016,0.1402808076644824,0.04254578203088578,0.0071807986383742965,0.07645308824369246,0.011685828314363711,0.01356578681688712,0.06730888069681719,0.00978632003540314,0.03413749598373662,0.05015807072058478,0.0082306789248228,0.013430084987915687,0.012169191406031454,0.0491277678601335,0.44843573808802617,0.04657744122315296,0.04733956560382195,0.03631846960717092,0.05234823541986249,0.040566429175531285,0.04217147034741898,0.033876147905479194,0.03772486808131293,0.026888327595333404,0.03798353396136966,0.03874220076996772,0.020072326185565134,0.023101427239953055,0.007056537197804553,0.022528059370323806,0.012859101920937357,0.02295856407768253,0.0162425315284303,0.04785138155573999,0.014338937899868433,0.04472077221682573,0.025052192294674522,0.034949355357908246,0.04227537464961069,0.04376589734014482,0.012013420878564602,0.03961758139749799,0.03884427214834804,0.00951686341001502,0.046991312223455754,0.044857263510901524,0.035545017614072624,0.0194087367378026,0.030732209169188982,0.033576880944034576,0.016720570344211812,0.09569429547188904,0.012452068089785679,0.18660569732240248,0.010169265234148612,0.03362889015356547,0.0488122669758452,0.27729279899858456,0.10196117320210803,0.05979782190231931,0.01666975690759531,0.05582437670587964,0.05946435540197874,0.07706752084940911,0.012269437799981818,0.050735122569714595,0.08642635246742143,0.05466565171046798,0.008592483965132151,0.06681752412986693,0.05692389887689748,0.03497847500817383,0.010935039332071683,0.053496902030946106,0.03511852539647141,0.0338929981573599,0.05030051998118608,0.005761617874068744,0.0422608914654435,0.04290871403021835,0.034397227658094186,0.01190192101117935,0.010223877645751903
0.048254751585948295,0.015380788123856433,0.013385642594369154,0.10270258646731632,0.017554628104480628,0.4620252198472668,0.4182698325888717,0.43968646038578285,0.4691494609993624,0.0,0.01390849515144589,0.013246016785458265,0.038256189953203235,0.008546779416798574,0.010535540119834676,0.0072261017889809435,0.02513779836388774,0.009395916195705926,0.011600644379136769,0.011293302918208856,0.01687576065681888,0.022490225950509708,0.02685132548485196,0.02607224073312676,0.02612884865292544,0.026048642637633464,0.02859691176512405,0.01005930356004889,0.030630343406246045,0.032187827864018685,0.015358197929871168,0.02549944958846302,0.02660626464128346,0.02427944543053445,0.009036776957431608,0.023030475911961133,0.022913736625939044,0.011131693725506722,0.024611473379057877,0.01163554636256293,0.005811000576610484,0.009484134331586043,0.0371732534102008,0.028792370261194977,0.020205783899986254,0.018421949013360382,0.028454038679132064,0.02405748101878504,0.007954034389341433,0.0244916578079726,0.02094691164063792,0.008065784261020973,0.026051099390172944,0.024522673354841942,0.0184376046653235,0.008358667550373839,0.010475225717863391,0.01971055950065337,0.023426760988898815,0.006876569575214862,0.02378491540891198,0.013414494710807348,0.00744447445764722,0.02646079639839879,0.006321581557320349,0.023853602932151562,0.028458360727432224,0.014225408321924128,0.010066587977275903,0.010194815498939797,0.03247301207740854,0.4457134527085376,0.03847181961165059,0.03254701714218334,0.0436901467080367,0.05168743310915414,0.04097141682947451,0.037529433369936485,0.03258540512384372,0.046545601597244704,0.03113001476467761,0.049738695271470006,0.030079392649081063,0.024268624572699467,0.02333568527149095,0.010361454904269722,0.021275627902804694,0.01396875606411641,0.02735894885983354,0.01934341820804229,0.021532863807665,0.010818449477682748,0.035973752334774914,0.022202447105523115,0.02444529579540961,0.021185582556240104,0.03776769572490031,0.012980930903897998,0.03364214073300102,0.032696094142023034,0.006631053725871553,0.01887539737860301,0.029491396933347742,0.02485016777716352,0.012465104574750316,0.02209782871220817,0.030250409345262384,0.014797106559369812,0.02673922248871252,0.012522141054170613,0.02059477749398189,0.012469849577910537,0.008257184590634166,0.0231743890475256,0.03057188146413485,0.020164373058132054,0.018893917110464727,0.007816416153816197,0.025128287402553347,0.022200775937269636,0.017572080984861824,0.009248960877150977,0.02073975512840457,0.02583554816963793,0.02234623962646312,0.010421229343420095,0.04790595310468567,0.026367013612018004,0.02033950485106729,0.012344515124143451,0.026697594108258112,0.019913089543289034,0.020557177653558044,0.027981976915355578,0.0077387165372123515,0.023219243132788517,0.028142153645836346,0.021441676291114042,0.010092396475401515,0.008358074604974937
0.022157869503001634,0.588878460586211,0.019006807420785598,0.022406911351233183,0.02610583956191955,0.023662412666061172,0.01925769957043955,0.018342951309029555,0.037238132399602365,0.01390849515144589,0.0,0.009342384753891533,0.04895044318111287,0.6367856509942805,0.5753093597779435,0.014640840529030235,0.032189730989572306,0.017389229037698482,0.7130799919013362,0.9343370857860225,0.011058077608572758,0.019412593651770834,0.026150266667982144,0.032425624973699614,0.03856494524415934,0.04291320276713373,0.025551363276202985,0.01421226049876139,0.03617255509274142,0.030772359965903825,0.01248438133176604,0.06134610115026967,0.04027585086180277,0.04408743815988909,0.17259000780842557,0.05165145167454666,0.026820299543441655,0.008715132438992105,0.06527849391389542,0.005259803376148968,0.0047649962420268244,0.011493532865257363,0.01826433741378043,0.032036516631468004,0.021025548453715005,0.09147976881857872,0.06942942132995715,0.09194019821599567,0.009003350564608437,0.09300802390260005,0.05429682138427573,0.011823675832610282,0.058618892829643304,0.10359721028375317,0.0821417816842993,0.010875289007395518,0.009016190853778144,0.09840566364859481,0.027485105071044912,0.00905620586757953,0.051785809189331046,0.016952624091577797,0.007670616815244101,0.055510737113642905,0.013939309355414597,0.02066606409954097,0.0451875936829764,0.010740529860543826,0.011055646282937124,0.013356394512239555,0.0238521698814943,0.018067094948317073,0.02774314063455014,0.023529311817945965,0.02486647370909186,0.024877329466486547,0.026742099692787798,0.025378205655613946,0.02152011699701687,0.02784719648248368,0.035349664466792385,0.02921778087027311,0.02758189602240592,0.044920880416470854,0.04981471144625773,0.00831283377145828,0.014675890064811877,0.010440490543352695,0.04514988731125331,0.048722310675720595,0.03394628828129988,0.015642850044218986,0.014359847515699306,0.025058267552174586,0.026050777625921995,0.01698198761552562,0.015011861289845819,0.006082283275996938,0.014504108926334285,0.019706486862361323,0.017489479215306948,0.02244155944371979,0.023032488237959926,0.025507954037638166,0.0512999486222547,0.052137572177446107,0.016831220509097012,0.013843515671025581,0.06283996640112342,0.011938028429934196,0.07529294917038713,0.011483046553246385,0.02790791503184958,0.025760608770961157,0.05114534916728607,0.07908053391272402,0.05993733306198246,0.014330420355546864,0.025586259148540832,0.046849694874374334,0.05915037437990784,0.011181731871325618,0.0273774172071488,0.06787745078456511,0.03447337076863643,0.009979802913080519,0.027390247978312906,0.04202250164033943,0.03316316032600065,0.01716410265260713,0.04567108801279811,0.0313084092247346,0.030453572708793737,0.03304271660271242,0.011177942683721966,0.03216861131650267,0.027869981525670665,0.018601295702242213,0.010779920038402417,0.014405223185291105
0.005094090862870216,0.0060050927930798545,0.005801188595758079,0.005507986225636957,0.00607067858488877,0.010152220095481737,0.006760970736156497,0.006956468512540365,0.01104294880274685,0.013246016785458265,0.009342384753891533,0.0,0.011710411370259945,0.010958799273217034,0.009704426803257686,0.011121918947447606,0.014794799052058483,0.0078086376472091745,0.007258728270495495,0.008694384280529993,0.013449276896657534,0.007484527852132419,0.006489615365862716,0.009522846062239921,0.009290702115958224,0.009908671188541667,0.0059980922239876245,0.010849480303594079,0.007098326370281783,0.008645981792022727,0.008519405909304095,0.011810767588867342,0.010671527165015439,0.00929991734139808,0.009771162870372689,0.009086582518600266,0.006892366844177116,0.011718748731378284,0.007772007916262067,0.006972686873276912,0.011002770806727727,0.007456258588570489,0.004108344220096191,0.009094811196186308,0.006629328321186083,0.013502302557711308,0.014096071054280566,0.009582479681796121,0.011063175033025247,0.00947772562686392,0.01056934039105013,0.012058240382592669,0.01310939731545536,0.010764654848183374,0.010029494790362092,0.009218465615217582,0.008964877315798975,0.01125106482893474,0.008233930998678326,0.01273836000710095,0.012937636148063118,0.00794664039153763,0.007519418567667403,0.011373066649173435,0.009520655701550756,0.009426459372727871,0.010024056074184697,0.01173457726699353,0.012620702528036456,0.008421365310966013,0.013603530938105483,0.01486180692951738,0.008311502654792271,0.012707156850579932,0.008261264438698825,0.006852650189266088,0.011574063229287652,0.012537941385798562,0.004472728212194445,0.009051818470490995,0.00888335436762497,0.0073905572832908524,0.012077547321677616,0.006949910266918821,0.006910886236307601,0.011295883169628538,0.009929419013140242,0.009054365460599024,0.008913213826906805,0.006434012502168932,0.008597829858545802,0.0043158743707516125,0.01294763868731864,0.012528204047084246,0.00903222134648863,0.008834974974155365,0.013856871944431342,0.00953211497504946,0.013734522810401828,0.01587123867744868,0.012823779432982811,0.009506253020722383,0.006561816431366425,0.0089898446867713,0.00829518126142011,0.009361044772017013,0.004280717539873955,0.008911251685589946,0.015630553249006005,0.01528157175723267,0.009697314619568938,0.009669215006326722,0.005408038159327218,0.007930512588511142,0.008858492462092353,0.012814690693329925,0.010795927002241029,0.006355284901656238,0.015261812717878907,0.010837767384597574,0.009487998595793445,0.01039957271153322,0.010196001388540177,0.013147406725704478,0.008496654610287025,0.008961671848586742,0.017068004437454366,0.011200796807569923,0.009745837098860406,0.007714437148039699,0.010989719167813064,0.010451098757014547,0.016199273676084827,0.011561117401124739,0.013477338810112191,0.008594565364825842,0.01195191774433197,0.009040557499401575,0.011475628482439895,0.009688163056107348
0.016179108578872357,0.03917299325565829,0.018880309167816113,0.016500108206418094,0.017656745176224328,0.0438298656352967,0.030658074039067385,0.028982353877540005,0.03922429291768882,0.038256189953203235,0.04895044318111287,0.011710411370259945,0.0,0.0466296546719975,0.09299255843561706,0.013170112352137603,0.028176833156856908,0.007818535829928022,0.02447356669475747,0.027083014200456543,0.01499683782589781,0.02679284256169642,0.03327878315135263,0.038055234699869295,0.03456514482386087,0.035903207351531234,0.03202007620000155,0.012692887736095509,0.0352319427917566,0.02733528903496253,0.009836830373651129,0.026863503156962176,0.032270220606262334,0.03802625345848859,0.08425012185722797,0.3451858761190194,0.020996088950270678,0.008295759930688434,0.03416398531547889,0.010457693770431282,0.010090748497407346,0.005581028016823983,0.015575140660601262,0.025246589508070228,0.017446909277984767,0.026073842953455176,0.02650057754114099,0.02344650196051824,0.014429877952197596,0.02111183346288633,0.02170891420351462,0.004519145861769923,0.020768921115770514,0.019626823574051707,0.02546124173934795,0.016468599947561537,0.005473990237919734,0.02711872526928081,0.031660533262566154,0.006488864635977211,0.02863340908527226,0.014077545899946774,0.008444507465402701,0.032085574089967164,0.014141140305340054,0.027675355684072533,0.03108701550254031,0.011138848455138486,0.013697561178572473,0.010466804392797666,0.029387506766226656,0.036409581788559436,0.025662039401819034,0.027550456082789457,0.03428172983443574,0.0400977382693289,0.032659353611994006,0.02911002460942341,0.026278485453310546,0.03769633290448267,0.03878310408020219,0.033022385123325886,0.03799489124977873,0.03693367975482005,0.03662745882795089,0.013349226313582555,0.032217894957669004,0.01087162555027587,0.03691651580349067,0.03379412367740806,0.02095441052313675,0.0087256675148848,0.027305820691514434,0.0334174891437285,0.03734056746433591,0.024676352885235224,0.025875072127471185,0.00694237872485297,0.021918790718509835,0.03003249091207532,0.009104171259250312,0.022779667279914543,0.034317848462226776,0.03656490418590764,0.020196869398137408,0.0334396910228951,0.021987042691594474,0.015370424625856862,0.022336445867647967,0.007763850376680418,0.020506323982201112,0.01079125436228338,0.013867573793132994,0.017838971732076606,0.016414795050468355,0.01976938241852055,0.018380026314172068,0.010173828026683625,0.032913353204034775,0.023414951813523103,0.022157017408413186,0.012924596337166964,0.02001310314320355,0.022397236244245368,0.02223109078105555,0.014016326323624519,0.02379251228228864,0.03228356033269483,0.029946280802982197,0.012616372516578944,0.028455960290666927,0.02440139296036952,0.02246285534305001,0.03626085480772727,0.006136555822620277,0.02840332796395365,0.03079296247914758,0.020048380676439197,0.009006163634308706,0.009556369025924976
0.02167097108677158,0.48125065769865943,0.017245109222477344,0.020696116907259417,0.02263956565960323,0.01603449550367229,0.01674707346915477,0.017719251596635337,0.019591762767284457,0.008546779416798574,0.6367856509942805,0.010958799273217034,0.0466296546719975,0.0,0.8370725437043468,0.015295337682263054,0.04911338797947607,0.016797761518607877,0.6115095341665105,0.7647799644908966,0.011216684791186555,0.019757995307216298,0.029040806227206898,0.04881874221815779,0.05859051753860254,0.06684807949647022,0.029936921832845992,0.013278309717794843,0.04020477862731276,0.03844396403060618,0.01385583545903648,0.021283888364092035,0.05809242123013212,0.055392169166149925,0.2756970056595716,0.16791202033922242,0.01927240056254519,0.009531687140884558,0.027138639850614855,0.00906543377470937,0.00595503268290695,0.011301688452737806,0.01976290609568569,0.02163774280011229,0.02477387468990329,0.03127006454541343,0.029726305466927175,0.029958311131609863,0.00681516798058213,0.027544892462465526,0.025265699017248254,0.011414486760818887,0.01694840477999846,0.029839719834518035,0.030684413566153562,0.007846906291111294,0.009484374032278161,0.03538001670987489,0.02967421509353311,0.006520510375195303,0.029476175564202897,0.012998575412695506,0.007111777891099026,0.03353754409440271,0.016783796106974516,0.018842531968883885,0.0338570420594476,0.010748274124899558,0.009384945739360858,0.014981131686668045,0.027651129330798073,0.016282358479416666,0.027812148884881056,0.028204317872427484,0.02538309861300534,0.026223902038058598,0.03112929851938332,0.030958872292656182,0.019257086827348755,0.028415941993295855,0.03373283243253924,0.026196459881086775,0.034713720386321936,0.040778594225726314,0.04771004599976842,0.008356010214477124,0.014163001366027503,0.010884068871261896,0.043860953742785834,0.0439163292338105,0.024288565244196716,0.014023949856701037,0.012701956966529114,0.02925137598902444,0.025223070915583148,0.018705756545005062,0.013592811984557931,0.00504995298499066,0.01571175959459105,0.016362147350694908,0.01238989512318322,0.019741714990628458,0.019778806795305245,0.02467260502888059,0.04003951006685049,0.05030588272440958,0.01356278675692301,0.012410539024660572,0.030324293141710784,0.01034125918967982,0.02357744000854818,0.016272188518755667,0.012406641395881967,0.019820308230740456,0.026894012368244496,0.030878191123131584,0.02962410695636519,0.010566408030362415,0.02145175181964616,0.020252209168027186,0.0316145584939585,0.011553065210817481,0.020723833964030595,0.03189784822617547,0.02224586327701737,0.008540403252535116,0.024701360592805394,0.02944255545898705,0.032473486705057876,0.013994861171649452,0.029829314805659743,0.02912287748142588,0.026751598999005113,0.029685445076887303,0.013405149595315729,0.02684863293374453,0.02583512857074222,0.015281585127313854,0.011571582212129585,0.013417825477050784
