0.0,0.6844073412023808,0.03337520440882942,0.9475351830999014,0.6698905348394724,0.027417258016322044,0.8252769591968958,0.8357593077814316,0.41837345628280465,0.8179883216295516,0.11081647635796481,0.42179725940057383,0.014733095057578496,0.04988222591639655,0.040625413540974924,0.04942033574728819,0.039165650745112836,0.08134570584462748,0.03136709996458754,0.12208920542655526,0.1573179638871386,0.1641824762926976,0.08101483009826768,0.044418191497625624,0.05242526663342671,0.08445710893273947,0.06659013927164494,0.01684618267298355,0.08826550664856449,0.013287188661540748,0.044309950174666816,0.21841121207592376,0.038336783713773775,0.03588475966657321,0.04223442255211678,0.06459916760949673,0.3898779702720781,0.2226348630454396,0.1562223020186126,0.014421642321702227,0.20520295038018518,0.2573961753786666,0.3476038562751614,0.2987572297496334,0.47390613449347285,0.13058564079633814,0.15774855855747794,0.013092519560072872,0.019566234554910456,0.1447341754079627,0.13915410094165337,0.23147132992110442,0.15401065843888687,0.1313007818241741,0.13381098865079,0.018725525894044484,0.018308802036462096,0.025051511316398253,0.013460873021851867,0.011160000733436077,0.0454697505780357,0.02667855868094285,0.0118041235655933,0.03645617772669356,0.025079341441526425,0.028475423128384157,0.042931157803845515,0.028555554127867488,0.021063693242559238,0.02638324856343269,0.550365025643524,0.6765434509203432,0.04013095247191594,0.49676638653398814,0.27096422848662327,0.12829349853341576,0.2244618856680517,0.25068013670670014,0.24493729051097257,0.4706164630041285,0.09017364030556005,0.1527641054201183,0.028595724271071557,0.12988996282387977,0.1483964061708826,0.09600665753815972,0.08430716343546407,0.08084372308194038,0.041076782226062834,0.09694000129459984,0.021369120531722918,0.02991331528445994,0.022624018130792903,0.022159500423542547,0.03244940694597716,0.05874216976005152,0.03720588322093893,0.03487519205466539,0.049535058400502416,0.015267875704849753,0.047957357817163995,0.03301482271693209,0.01632224678440039,0.06623744966697244,0.065197087758852,0.10691376289436676,0.1926010489103289,0.06275931378582868,0.028879791989311007,0.07819183949504303,0.050981485959210045,0.048529587682890465,0.15999737999456054,0.09317655331353868,0.25300650338572184,0.07612633918775007,0.10384358316213856,0.01893528851367777,0.01622720106077471,0.04220824993103151,0.1068715390309758,0.1739221936437431,0.06046297025160888,0.04530007810057371,0.026964183493532547,0.017261538554368766,0.01662572540602475,0.022656516963405073,0.017228591089224827,0.03049585183023164,0.027354839821772385,0.03160802913956236,0.020755661625744947,0.03005177828989936,0.024907724834050893,0.030949112470678455,0.037811002648089446,0.03134122890069201,0.02394912061019461,0.025452322551836114
0.6844073412023808,0.0,0.039067648952799065,0.6689436491868663,0.7710591295987185,0.02462107281389187,0.5114126126429617,0.6135481251587711,0.737500809280673,0.8768974332611276,0.38445581151603386,0.7934031423408818,0.02410033962190905,0.02780783569663199,0.15107756933282168,0.17378916121876473,0.11630418288123051,0.27253625615772337,0.03474033674311871,0.3721863747780747,0.3363452865612905,0.3362813392254509,0.1309573241014378,0.06996764374075347,0.10958557876350125,0.23912292583688033,0.12646051288974172,0.023871978169137446,0.22560702535032578,0.020298386122187536,0.12188459764447447,0.5016056354964319,0.03784627895522272,0.08130851762109166,0.1348795796317753,0.2366592335191045,0.6274915668173972,0.4180145088839516,0.3534098947795428,0.029208068404902202,0.3914131025630897,0.5020869821577797,0.5047432645878088,0.4770724368849953,0.6185369043338284,0.2502691537498135,0.3182739448923305,0.017347426472805034,0.030081016581349363,0.2997965646025803,0.28459541908797886,0.29449122298492497,0.31652429399320803,0.26623051606052883,0.27816210118389784,0.017500480784817186,0.0229988091957085,0.030423567492176257,0.017399854678711465,0.009065451449842386,0.06829162631012026,0.018557507491964196,0.012629748765621191,0.05341844422922772,0.017213517336773,0.022460887438801924,0.05731612877394983,0.02129404805852886,0.013259174078559744,0.018630474195442562,0.48129583267591314,0.7382886316591168,0.02966750616107275,0.4436311441443897,0.35533236069093327,0.10425501594538666,0.19413928599598876,0.21403811416216306,0.34650956892517193,0.45098876275334093,0.044731953080746664,0.21257913932753814,0.03679937153656933,0.10205596354319127,0.1034551869086732,0.056183038227585656,0.060423181837175724,0.04135039635919403,0.04596750451818837,0.06345080799794836,0.021304989732802454,0.047461366908853234,0.02696301110124582,0.020031785933210505,0.01785985578274843,0.032320212445661606,0.018955739244057964,0.02562337587374743,0.020875348015884924,0.020459225452999344,0.029997758950542283,0.053970548702760475,0.01631486542954018,0.04726462821566788,0.06660952550496392,0.0751113985545651,0.2743413435996441,0.09925306277084711,0.04496250792381587,0.10488747581804285,0.09462636929126088,0.08483851692932529,0.22210415646616424,0.17196696615004328,0.3399810891060918,0.12499441490638005,0.17246346187832834,0.01889824578845847,0.018965444312183607,0.08719788761430002,0.1736366620604579,0.27866132719409703,0.12100321800289293,0.07911634506949339,0.04245440572433659,0.018556469518050102,0.01710163833144826,0.021791923508584814,0.020333203808596004,0.03130809017493725,0.02011463105646295,0.028296370631717818,0.02357945412708663,0.04512404239859795,0.017733045637269462,0.027134970041755718,0.05118234843770164,0.024423870236711297,0.015599461668344736,0.01837097993317919
0.03337520440882942,0.039067648952799065,0.0,0.03286717887035058,0.025851276918966822,0.02176154047192479,0.030710295348940896,0.037693046929435925,0.0480832259984715,0.04790157809916717,0.021583790269538147,0.026611999008128398,0.06927988243869096,0.03241622027533504,0.022195690214782484,0.03142220453912097,0.042682766048337276,0.03126267539412156,0.06137960460861243,0.022053139590460017,0.017169757005026105,0.02053208092810482,0.021142299193957007,0.031257533875027846,0.03917824296506492,0.034799073654425396,0.03137082770983472,0.052295692507924756,0.03205337007248449,0.04916047880917964,0.04164330725402568,0.026108429534376868,0.030245426661705,0.028296980332239638,0.020011923210673053,0.024938783516321818,0.028020843202153718,0.017141286365709458,0.01846302112979104,0.019246493693531905,0.019914383069851695,0.020363480242397,0.09270217048434931,0.02360654294831703,0.02898700195436911,0.021822861330296955,0.017498739368784065,0.012438042447959367,0.02042137315789096,0.016736970548342278,0.0212388057374019,0.0197222812724561,0.016331313426266293,0.017724144030950947,0.01411944447816442,0.013296495003157119,0.024031117207377894,0.022380725112316056,0.0185080964758245,0.008525944448721732,0.013499950778977712,0.01688895187082329,0.011717094906736723,0.02810652147829901,0.018720755143525076,0.01894178059988687,0.026187913240207843,0.018480435360156273,0.014102265839362247,0.018375399519989014,0.05694085321650205,0.04289392699199057,0.09006495906455918,0.04645761653985139,0.027265096093217717,0.019673967629749548,0.05927667197023553,0.05494799399506955,0.03216420180947565,0.06684194684168869,0.03511569627952329,0.03211336093353786,0.04077817831331482,0.043207642377627635,0.03663213378784958,0.034685889481760004,0.03420592840765188,0.03399023350344667,0.03640853640361698,0.02898646508003032,0.025321345283542053,0.024267633278887063,0.01850926496225952,0.019750362419262774,0.04524370616385907,0.03318589288508481,0.028710083113242378,0.025565592916215515,0.031203220705161416,0.05973494623465556,0.03044455548637856,0.027204835427521275,0.027889700683530645,0.03952842258377685,0.02638354683112466,0.03064671094530803,0.02803971007958861,0.019480195938065777,0.024773431336451296,0.01666895979556682,0.02161404331115237,0.021656566287540643,0.03483693500747965,0.023665354821609162,0.028039621372594494,0.022681481086867416,0.023190141728215766,0.02347043123777873,0.018932260970107154,0.02290041376275033,0.02045658669626771,0.0195941818263865,0.02336413128405791,0.020766946798905922,0.021664820597709578,0.025474616216511658,0.05308272557442496,0.01907459041816691,0.025255757546646742,0.01574675347897303,0.02125812605333911,0.022269960119467812,0.037991480923003536,0.02880771266365158,0.01781617652354402,0.020882747658557407,0.022890173352848053,0.01951331605220283,0.017297250380238743,0.01817432256043168
0.9475351830999014,0.6689436491868663,0.03286717887035058,0.0,0.5857114173235646,0.03498655615992321,0.9224459458741605,0.9380802636247361,0.3447061507688493,0.8459835754015197,0.09057511025028026,0.39128035690146684,0.015869838250788516,0.049472967075686346,0.03883837990777119,0.05447318906463353,0.049278638316945546,0.08095447209302285,0.03223594404253274,0.08988365407815115,0.12780946975563093,0.13981884866501917,0.082538035162529,0.034553631121650843,0.0491689079339777,0.07869900461727837,0.07685043092567458,0.02224463003035297,0.09231778777668818,0.015013509566602835,0.05578743658584477,0.1770399508426361,0.027206738472312378,0.028446828690567513,0.03736323979880091,0.05560316750072562,0.3446139648531218,0.18062376840363764,0.11867781559698751,0.018783537770601468,0.15388801661195567,0.20983252910051353,0.26735099660768846,0.2256114333059628,0.36006172358700284,0.08658187460751382,0.11086916784266564,0.012921950980385781,0.018429659349624223,0.0900160375687114,0.09025869094158562,0.1460035262318629,0.09935840524529706,0.08513883768925361,0.10000086975229378,0.01718317942941568,0.0182124501013896,0.026384621174332334,0.011197969825072852,0.012651355773773763,0.03664594630768226,0.030112070002860983,0.012691537786262563,0.028637058136345348,0.030106747290039572,0.0319241158924691,0.03640671000062273,0.03209954577865761,0.025041729978114838,0.030863448639546962,0.6107888040382009,0.6652212313377756,0.03916655619103102,0.48667610945166717,0.22763460119606255,0.10209765147473641,0.3022962697591345,0.3269896190676019,0.20227181635645836,0.5430977770060751,0.12265362344800039,0.13078884242749114,0.026314385686155375,0.1472333664619112,0.1754298344157641,0.11765133005756026,0.09574292563019453,0.10089952010586783,0.038417679588578314,0.12512642247245057,0.022599487396184014,0.024580794666899074,0.024600392599382005,0.02779109632289603,0.04109221939486854,0.07815522631573114,0.04429441363864965,0.035723020594787366,0.06191864649527432,0.015400891512539962,0.047462312784051226,0.028844249804671342,0.015947164329234848,0.0776815933260014,0.07144768897422019,0.12917953516515823,0.15239958080373628,0.045397341554002525,0.023612445335719018,0.04884349448596645,0.033252721580977466,0.03483799785180384,0.11750620507782861,0.06033942412220261,0.1727522154155653,0.05580313805020176,0.0732135749371629,0.02067863838846606,0.015356603780658782,0.028475739436739537,0.07026939502239894,0.12295162678820665,0.03852989211518352,0.030491496773474805,0.021630827028313683,0.018025056009631963,0.015398603128104111,0.024483406797694996,0.018414240081128484,0.02698766316227254,0.030103047461126086,0.03175213245495894,0.026263111433359305,0.024948749292940286,0.02940590047906128,0.03313508821904905,0.0336004743232791,0.034414228047491384,0.02908975034955614,0.029907377580031667
0.6698905348394724,0.7710591295987185,0.025851276918966822,0.5857114173235646,0.0,0.016358732184548423,0.3971878639869014,0.4494547013884979,0.7902905746402661,0.6583308216456092,0.3628750057685313,0.7897883504028895,0.02743309591175415,0.047790805258660904,0.11039669199280874,0.15845877213831527,0.12504706342437077,0.28879423052665876,0.058826058908836555,0.40425982507548724,0.5079387029030085,0.5314036675198135,0.25477256839794427,0.08924430927404503,0.15949786603609034,0.33116434559921404,0.21031003254398142,0.02250180558394959,0.30839348537285793,0.01813483532862641,0.13253122469731632,0.6581476317463542,0.042351358038014174,0.13631107493299724,0.17057611908331186,0.28135220174322334,0.8370933060753818,0.585084692740335,0.566616438831985,0.023291713430153016,0.6082970728085669,0.7033552877321195,0.6892496781589353,0.7474577368565701,0.8366103491824339,0.421999986823905,0.5104469468197164,0.017665796398578695,0.023406738889069044,0.4717342117499622,0.39294324252503415,0.3933458829333849,0.49954384903099935,0.45112002368153015,0.4857021457703942,0.026311001085145683,0.01758212564067151,0.03046506811562748,0.016893974622603728,0.010281125134945784,0.13020749528556852,0.026044495732083763,0.0164729570394018,0.07563225331911085,0.017965696218940605,0.025473323263132813,0.08366986512464952,0.025886822601519935,0.014860838330980355,0.020184165952171637,0.28541333303054073,0.571653763767785,0.04022283885946762,0.3028075992535777,0.3358940623847553,0.11903453709034718,0.06723727736218665,0.07678207520717813,0.31587606754825,0.23000852648395345,0.021112919198382537,0.16062780815305547,0.03175636075921197,0.05244990868789236,0.05282904077930963,0.032754746308629054,0.03922908901181607,0.026462654064033826,0.035826810618819586,0.029488623270675772,0.04465378523412168,0.08164613161046586,0.03729905199948794,0.014936296588644154,0.025200103978116388,0.02433815459048833,0.017091339108536784,0.018515094352430404,0.019629843610858157,0.017986887920207674,0.026065994947052574,0.0879065248708298,0.015074099102403381,0.03341919231433389,0.04598797484522108,0.04316456181305028,0.2716059325630593,0.11786245299172707,0.09413578584664702,0.12724066091129085,0.14491100672080848,0.1282734854354851,0.2672833132495439,0.23982240642689479,0.47474662540355567,0.19678086293264807,0.26427681509032747,0.021840060018121457,0.019145559461328992,0.1369861825618376,0.2551952573633006,0.3373009551438315,0.18709198687685863,0.14933007640872145,0.07937579458677192,0.025665371349334817,0.017993634160695673,0.02888136179753578,0.03391065752557261,0.055882177720080854,0.027543629900959075,0.038051170818254064,0.023378910160872134,0.0723458111673378,0.018746149312319004,0.029931628764797456,0.0741935390583303,0.030027702651585112,0.01636228439040138,0.019358807272484915
0.027417258016322044,0.02462107281389187,0.02176154047192479,0.03498655615992321,0.016358732184548423,0.0,0.05348909822191468,0.05215653609881203,0.029126238673566576,0.03945779527011803,0.031423506777542166,0.022027810271479136,0.31438358537172023,0.10399209352274161,0.034357877276604845,0.020557780399685113,0.014918295655275754,0.019655847529922513,0.28145056989722167,0.030353788664353593,0.015921052949468856,0.019120942670650346,0.02219251587607953,0.03604726331147803,0.020547267960114544,0.03351282042738979,0.019510902763130146,0.015579064206703588,0.021552384407957214,0.2686263796356591,0.010613727582399441,0.023325369291129584,0.011499211116759063,0.01996615385030731,0.02669910372999937,0.024758183002727304,0.021417227524329376,0.018597561358784084,0.014901691007673896,0.07292758722787322,0.01665983684169727,0.01680568828450008,0.047957899109707165,0.017156473865923002,0.014519224299511763,0.01905472764733383,0.008351600548355778,0.10890515847971327,0.07770223110571932,0.014241896855433185,0.013406467215273235,0.01971893356586565,0.011966924632161011,0.011806400307392046,0.010258483863727847,0.055799704182587916,0.0806996024790836,0.029052336683782046,0.025372940126818375,0.011601811581546545,0.02210978785595968,0.04472273088522747,0.011090136284468985,0.043758651298494274,0.046120562720905145,0.04533511036929964,0.044960039058407314,0.04489434678892661,0.03833421909365736,0.04527860451395222,0.08201725719328097,0.050449313122159854,0.3054442822569981,0.05709985414060195,0.027513984619194097,0.06257755887556285,0.10055101987529673,0.10500316909497422,0.01995202889371078,0.07589137641938719,0.020552072106464654,0.03887589113258263,0.20321286850182,0.04980516118554408,0.023335984692650757,0.022508250753088807,0.024541861576337965,0.024443976297250054,0.17094535442318035,0.025427867636603842,0.012189079750363268,0.013211638849667617,0.020263295568317498,0.0652752118226054,0.023536344754932905,0.04499400756172682,0.022545413636785402,0.02058161742113803,0.026410189106524724,0.3077405621787113,0.017072406367962593,0.01885068921126952,0.049345798317892396,0.03383674439928285,0.06953000272210534,0.03440240707631048,0.01984043889564357,0.013015289921900892,0.014591864469601184,0.01820269103629345,0.01351785825065092,0.014133515898482744,0.05137229197517074,0.015517054346272086,0.013516072492351695,0.020303093870491774,0.012524112509797765,0.022923253583232286,0.15035120248852984,0.015532728413368477,0.01335125990289174,0.015253152143233903,0.015826302297689315,0.01905945733425268,0.015828803087036943,0.041274429340565764,0.25042912036888665,0.02666717239306622,0.031192593960106554,0.03685903138079974,0.03099008456614437,0.0462008327397145,0.14869509422579208,0.04585801606192296,0.045290945049941404,0.046696772808452164,0.04524963547072236,0.04685123573015176,0.04347489605703867,0.04554587642632491
0.8252769591968958,0.5114126126429617,0.030710295348940896,0.9224459458741605,0.3971878639869014,0.05348909822191468,0.0,0.9520089841664785,0.2103231869902774,0.7390849372174426,0.04720428378491709,0.2616409953410664,0.015250987683289162,0.046206940599646334,0.03273462668666372,0.03977703030107225,0.040878374593842824,0.048483852260043724,0.022827076268400016,0.04143443827525605,0.07520719631227914,0.08497604298485525,0.06625429367265817,0.021336600465648604,0.04198903863511545,0.048819386404178815,0.061071246196531724,0.028301993256599375,0.060731824447027016,0.02435973302535334,0.04324081038481105,0.0908159615163885,0.019353232548432804,0.025005234520692893,0.029741452159224257,0.034006084563224986,0.20920495113186552,0.10887732280491613,0.06008176864428231,0.014934072368323668,0.08448385043050116,0.12093825877298058,0.1360538779781903,0.12103009918750068,0.20636985347026587,0.04199087516714921,0.052345986961598416,0.01247356476969725,0.014269512953678872,0.0413370071525253,0.04314383774877377,0.08995805607905705,0.045583313594348154,0.03866325657623331,0.04838305877808671,0.01581717404554495,0.01755237807687767,0.02244634168587244,0.009520751169163852,0.013790930071977132,0.022677323574816634,0.028787063451983973,0.01236088298116645,0.021267014041869325,0.03133757981849075,0.029361217216088167,0.02699164814538329,0.031000226974416237,0.0253283990703667,0.03111882451432069,0.5488679571046513,0.5394131390334451,0.03678200648309005,0.410617456284808,0.15362744897257252,0.08325449734191598,0.30920794265448104,0.3308008334711598,0.12313641705110377,0.4906986510185513,0.1548562442215208,0.08506997856814107,0.01934354138481209,0.148577196226901,0.18865567282121362,0.12858067069549317,0.09652764262589185,0.11257928252180026,0.027847674226844372,0.15749334569330597,0.02804635383748936,0.02500033614833984,0.027304072595617915,0.04462297346789659,0.04700086679933856,0.09593585759461952,0.04695259537540739,0.04328539654611298,0.06950162970160763,0.019226280240813586,0.041470460365156725,0.030970377276095144,0.022159531581749638,0.07868616167880228,0.07920305840333781,0.13741099215040647,0.0947104601897467,0.03266141615613425,0.025249461131333608,0.03378594977411367,0.022895401747063362,0.02704394915410322,0.06616791770004588,0.03185853620238235,0.09714198833027476,0.0338457312245082,0.04068030984377973,0.023773890205652588,0.01589858033831107,0.018943983730040227,0.039348726223945314,0.07211587978884791,0.02366096558865204,0.02298777077174327,0.020925799910428505,0.018361015948677027,0.01641900362911567,0.022558234318340427,0.01839918121412194,0.022223833797133316,0.02708404192895593,0.026449598064616865,0.02617729867099888,0.019868775977654633,0.02989300901910703,0.028217772848364134,0.02651422357929856,0.03150576127279131,0.030187748888223457,0.030359451224897735
0.8357593077814316,0.6135481251587711,0.037693046929435925,0.9380802636247361,0.4494547013884979,0.05215653609881203,0.9520089841664785,0.0,0.2758417670380116,0.8592709287116542,0.05875675594956968,0.3142125178884883,0.018268531521597308,0.04970406978798153,0.03264721155723188,0.04125802133925454,0.04165730089451148,0.05676743770348118,0.02908863541944817,0.054486333690173645,0.09434527512039653,0.10310874700806184,0.07052555027819958,0.020634850213895783,0.04478675035744531,0.058794852881941854,0.06311636110983893,0.027251906615995466,0.06889326174424086,0.02369093263767833,0.045602373663171276,0.1204332966417677,0.01715408780680523,0.023965611388613427,0.028662704974108437,0.03944333067881923,0.25512549042941635,0.1333138015741488,0.07967626267919573,0.01669803947839746,0.10900355156623405,0.152501245277809,0.1835575706340995,0.15474329505039702,0.25752907792728574,0.05682656186484017,0.07045464351193091,0.015455858454809915,0.017108783588225186,0.05649301074295872,0.057428436057352615,0.11617561191502855,0.0600664395598861,0.052516455447322696,0.06663732312383804,0.015680951603930276,0.021028012407732524,0.026806612324853617,0.01027757267572275,0.012377075663297838,0.02844364340564813,0.036114856644499566,0.014010512073003594,0.025290171543269666,0.037892394003739754,0.038019058063663284,0.034722680146060995,0.03874228811392039,0.028981376307968217,0.03826254547607076,0.683763124240362,0.6605609595018924,0.03993244199695052,0.5253747753384701,0.2031953674646922,0.070692046183165,0.4168489377978265,0.4384576366455676,0.16180469540192463,0.6295394523750795,0.1753531262807023,0.10694284363318754,0.026255283298611133,0.17743979456073483,0.2236453519948944,0.1479665868787588,0.11239090159893664,0.12600537662583386,0.037170725691687466,0.1782274875570539,0.023173716780146427,0.02105692326397084,0.030868432623263897,0.050214476036609515,0.04156400620436955,0.09988398083273427,0.049210461947851364,0.039564059651849115,0.0727401250186263,0.02160285025300248,0.0446519639867796,0.026268428337461368,0.02228824606441352,0.08245653418616153,0.08991568335338343,0.1590571086612586,0.12371988986089326,0.033926199904521843,0.020947553627070986,0.04057282801314226,0.023144851775608127,0.025122498269463524,0.08414864388832495,0.038921093882484825,0.12547750038816244,0.04124164447639405,0.05071198244642803,0.01975683908923582,0.01627771298009089,0.018555259959533853,0.04755635660748566,0.09313958007863285,0.023942739186974333,0.021756735745118983,0.018011981684752643,0.015345762581859981,0.017546817726199534,0.024028582506521276,0.018059750137117796,0.027222542591981144,0.028682954737608814,0.03483292665313905,0.025690584478713818,0.02283215599660204,0.03664985458391406,0.03779062121120378,0.032852738160734835,0.04071970927340675,0.035902987213025414,0.037309065983280786
0.41837345628280465,0.737500809280673,0.0480832259984715,0.3447061507688493,0.7902905746402661,0.029126238673566576,0.2103231869902774,0.2758417670380116,0.0,0.5463879091362037,0.4204625620192198,0.7511412665805796,0.05932769835856034,0.057897307793927426,0.116014120810056,0.12313296732604569,0.083474148330289,0.2574448267586287,0.09681137798050386,0.5581577854306736,0.5037877823100783,0.47741743498874734,0.1761064784580057,0.08188926039699879,0.16934976677559466,0.347317230660525,0.1353299644675587,0.020238233399665805,0.2482986977341576,0.040585510851303123,0.08465732885737806,0.7357141083376325,0.037432451887263914,0.17225684861264515,0.1944770214676187,0.3283416291156266,0.7596867552015908,0.5356201339274037,0.5950238731896248,0.027591829695596804,0.6447976693213028,0.6793960562012891,0.8190830894616516,0.7168964527222994,0.8077504297543777,0.551063882741093,0.6079324620090965,0.01890600543157521,0.021496856794235616,0.6131874870360099,0.5134183288182006,0.4409357300611348,0.6173701523676738,0.5694812101883965,0.5381216164080501,0.02111222516555256,0.022508027549589613,0.033653535826896286,0.022681610143576624,0.014803683719364982,0.1438456073631714,0.028274184240440606,0.01765645039026902,0.10304088848662186,0.01931402608762508,0.026718313688877303,0.10771331503999262,0.02808843045457332,0.014746501313042783,0.02152885462363377,0.2014017632732563,0.5312727744080896,0.07020138558690135,0.2650085810430588,0.40035575099994014,0.13709428508484714,0.03496766124192649,0.04162387618233145,0.428524439318836,0.16620649203318094,0.018719275642925345,0.20196422422165522,0.056671182111606926,0.0757257775517223,0.05349429001517755,0.021671244423079977,0.03273460768705643,0.015439239594813477,0.06276309826372471,0.023139993898039425,0.0759403170499943,0.13712620718363236,0.055831078424566576,0.01739440821169511,0.03600333766838191,0.021505665581859543,0.013401274983990113,0.019083074325152036,0.016120884124228685,0.03356566283753005,0.01775181993851125,0.15736214793643324,0.024360017116184157,0.02648776769759638,0.04318626665374686,0.0336721336826361,0.3824150094490858,0.1654777328499632,0.15568366823195867,0.16129645059420675,0.22568923496006754,0.19356633650616056,0.43364699586726346,0.3453245647452173,0.5679913855542903,0.2864213718614048,0.3603589348936394,0.027306825549924765,0.024874793420413144,0.20936761040453353,0.3370009522443235,0.41710550293615717,0.27055287089472063,0.22933091785932064,0.1279172519798501,0.021095914331697423,0.035043919814369745,0.031471719421529244,0.044574072907275476,0.07277444065569327,0.02819160907468074,0.04239905374534732,0.03060295588625043,0.09678563864685104,0.020081338078403635,0.0327433431437521,0.0894290095108158,0.0319629236946327,0.017107083389386116,0.020951544259883926
0.8179883216295516,0.8768974332611276,0.04790157809916717,0.8459835754015197,0.6583308216456092,0.03945779527011803,0.7390849372174426,0.8592709287116542,0.5463879091362037,0.0,0.15580909901032672,0.5397391463711441,0.015566431269163416,0.041770326565542214,0.04618252211080914,0.06822867574800197,0.0556692581783871,0.11880349185528552,0.02963580957963858,0.16522563215002323,0.21449479393769588,0.2119796898155437,0.08763559372438705,0.03353296829994477,0.06856449687105681,0.11716473367632792,0.07323236191433771,0.024292156762961342,0.11318506841907981,0.02049402800043049,0.06576888246010477,0.2888965908934597,0.02612909238749997,0.042697263103538136,0.050540155830508464,0.09661485886018223,0.4453353740592078,0.29046789205220774,0.20213238066924188,0.018490171299300404,0.25927276321648385,0.33753191717317177,0.3814205037654205,0.3285276915025191,0.501278631589294,0.16794447932760623,0.20861786835504786,0.01571329447761829,0.021044859120940937,0.184953090704622,0.18642718002330624,0.26540785353641316,0.19427999092764753,0.1674289153270675,0.18091133882225077,0.014932094520407446,0.023677376587160393,0.027103605352898397,0.013604790342841717,0.009468775252280674,0.054964594604528134,0.03185514034522124,0.013701252372294477,0.04345138745560497,0.028090715905566804,0.034783935879206994,0.0545327920010114,0.03384302690589785,0.020875570334755705,0.030303536449279935,0.7226536537545023,0.8653831672743483,0.02978696567571506,0.6418196140539643,0.3813333106436878,0.09944725858735116,0.36914982024059023,0.3997988530625662,0.3326733991775197,0.6704973930162792,0.11148438451210535,0.21762155686412502,0.034467694709027746,0.16112457286513293,0.19522207032626068,0.11828702604576356,0.10883503207838575,0.09385097446403978,0.04549796479414111,0.13000663114920097,0.015014148709098707,0.02928521715081395,0.029618221300784748,0.03917452081816474,0.026963914153502237,0.0712940728026014,0.03569552121352012,0.032024946908641855,0.04788454236072779,0.020996001314246216,0.04653805560364455,0.029155106409211453,0.018617611423677752,0.07661674013984934,0.09396762388181988,0.14095243038015778,0.26811527981049726,0.07860490630697564,0.024858554471529848,0.09380963287345347,0.061953584558376844,0.054854990851690585,0.19267287390914437,0.12075033741454799,0.2895869626910443,0.09339724654095964,0.13020695353041367,0.0172012260421497,0.01641242793051091,0.049737671155285795,0.13268979484488927,0.23552859043381275,0.06999256321559738,0.045854326812068795,0.02629347317681066,0.014445014202177364,0.01566887721596543,0.018988890517512125,0.015328449309031336,0.03517357315635146,0.02336335592558335,0.039354927962163756,0.019698610538976945,0.03667446528354548,0.02829560724211623,0.03921893755086991,0.049677183792021726,0.03860073090982926,0.025143192745361493,0.029228129574456873
0.11081647635796481,0.38445581151603386,0.021583790269538147,0.09057511025028026,0.3628750057685313,0.031423506777542166,0.04720428378491709,0.05875675594956968,0.4204625620192198,0.15580909901032672,0.0,0.6942246171636403,0.03191452893730588,0.18189923327896337,0.73867952258339,0.5651542633476023,0.30795909714659386,0.6636190415622688,0.025967519760314205,0.7538780228458948,0.41696201540915,0.4495855752115724,0.254201550995462,0.2404868349376949,0.1303278760242629,0.47932191050338424,0.3096491937478737,0.019645891975441233,0.5241584004326296,0.029215185610014932,0.25143173031105776,0.6449607968005506,0.06704872064085925,0.16139354445478302,0.5425477867952695,0.6636354746762163,0.5121243479850438,0.41286178669543133,0.5229622365642551,0.043324025680204235,0.39341642993952725,0.48434770424194284,0.27763757771928277,0.42442005606075317,0.2791668807181104,0.22609824083545985,0.2665638170891345,0.024594730988297977,0.03435061217131237,0.3210962077209607,0.19445181331474962,0.08884939802573631,0.26688562905053975,0.25425085597954145,0.31120988092278284,0.017923763295816422,0.023854857379326005,0.038623320659434995,0.028144680499120698,0.018783687631921356,0.04681542849511465,0.035226499564667,0.011503259920863233,0.05359114042014644,0.0526357679297423,0.04509649417291863,0.045992721212616855,0.04210238314661543,0.03459226720545397,0.04934328170894142,0.036095470942513946,0.10220246783523354,0.021686470111930124,0.03658530274192644,0.06014081617982567,0.0357250339169515,0.03418818518506316,0.03399793410888885,0.07668874100019735,0.032338387477085576,0.037991484716652216,0.047360650483977355,0.034286057413912746,0.026689685362014225,0.02108401236601877,0.024155611271864788,0.022394002946067006,0.026255993784550805,0.032183470063265246,0.030505993299470294,0.041532247572289245,0.05022745891341183,0.04076460328593076,0.026039298266297042,0.029047741192329134,0.03028881314166908,0.02537434634285662,0.017851980197828812,0.028032051615328086,0.030092063755688354,0.015076572044023472,0.058093362022014226,0.01915781637060725,0.026952594469399814,0.03120018294444602,0.02260910951888198,0.06041177920016379,0.051151894475306756,0.047714320530605446,0.03751834915444339,0.0635979930664931,0.06187799603543085,0.06528149506839558,0.08695376217261605,0.11428954434680351,0.06784597634880804,0.0801723857696241,0.02126957733259989,0.022215287351387225,0.07189015014088838,0.06966613500345868,0.09237370809900738,0.08932063991840755,0.062280457929973644,0.04418065933342095,0.019986490542544002,0.027996870773185235,0.05018009960691807,0.04500843020359479,0.027063814280676342,0.03054763326569165,0.03877871211658061,0.049124233964917254,0.05317745494775807,0.050149206402194446,0.04567465354790267,0.04518882228572983,0.04530373687044269,0.05328987001695347,0.05045003331747867
0.42179725940057383,0.7934031423408818,0.026611999008128398,0.39128035690146684,0.7897883504028895,0.022027810271479136,0.2616409953410664,0.3142125178884883,0.7511412665805796,0.5397391463711441,0.6942246171636403,0.0,0.033099118817232195,0.03642109619395894,0.36916587093473835,0.4507333679309926,0.328723004748488,0.6159293762305803,0.04466283320782388,0.6061657748841749,0.601614733985741,0.6347671967522721,0.33116394041769387,0.14830843651596406,0.22025078097316203,0.5341577008288313,0.37008154460263093,0.04046019125122205,0.5640941554262026,0.02287095806617399,0.3174691958592834,0.8041855506164299,0.04106253423807831,0.1975488983645176,0.3565747878797489,0.5308351950159046,0.8593643564607883,0.6404751219350914,0.6552126086050817,0.03731704329581073,0.607379472708775,0.7567525878956403,0.5118428216042877,0.6696589269559273,0.588413155830361,0.33971905226368887,0.41005013863624995,0.019189166837515956,0.03709961578448698,0.4300634833143532,0.3153867532363319,0.22713054707343705,0.40389690351823626,0.35804558944437676,0.44520330772382055,0.018522521903275226,0.021287641457508843,0.031506671518621944,0.018455360243804876,0.01173889716198487,0.08998601649479555,0.017756396606579426,0.012415207371493734,0.05274018524810696,0.01935371172588056,0.020063728392570358,0.05263557464469679,0.019551257345800183,0.013112321838018253,0.018914237499072915,0.1650381756449149,0.3870536545620484,0.030181846188793982,0.15401354556944477,0.18069053114638475,0.07418999154410137,0.048637902393533564,0.05160787086196092,0.18839492254106813,0.15034355959563456,0.017322155096013887,0.09118777173138215,0.02848353730135443,0.03103661165359676,0.027652841041522328,0.020844143616547506,0.024087558033497446,0.01845123754594993,0.028612665468059188,0.028315234424850587,0.035389309082385856,0.05348767452583728,0.030344295718658633,0.018168282716218183,0.025395643138531165,0.022591826747156624,0.0184731931346813,0.020684933423126363,0.018158593333442333,0.022170532321159703,0.01874114220076279,0.05834615540786794,0.014861409755998718,0.028337099479842944,0.05088546593497934,0.02940460140903053,0.15386776016338408,0.07211676848673819,0.055649498935906996,0.07301955836903126,0.08810975013334249,0.08139487118156642,0.15108321214197612,0.1519031947781558,0.27211308990809235,0.12538360245766847,0.16629496022022974,0.02006239836700182,0.02481226178815175,0.09340531578030266,0.14695437598166994,0.21590192142104442,0.12672332942163642,0.09014771985632514,0.05153547575665907,0.023006900913071525,0.019233520339914427,0.028250840263155143,0.027314114323007677,0.029716899953843478,0.023918545298807155,0.023763040236787346,0.029385687127867856,0.04882532548603831,0.01883837469996016,0.021976888829448097,0.0470180875967904,0.021194184707208494,0.018248536436279692,0.01912535500863841
0.014733095057578496,0.02410033962190905,0.06927988243869096,0.015869838250788516,0.02743309591175415,0.31438358537172023,0.015250987683289162,0.018268531521597308,0.05932769835856034,0.015566431269163416,0.03191452893730588,0.033099118817232195,0.0,0.21034177516406038,0.025051719289932085,0.027853472248541143,0.02740390599279768,0.031980698947960844,0.9007349900938446,0.06038730895680583,0.019825828546803325,0.025749980988016837,0.027398544382456723,0.06870059720589557,0.019850126111758303,0.05673402919979008,0.02908426206444351,0.01739742618367324,0.040344525068250744,0.3944301017352098,0.01729555915964235,0.043366577255744956,0.013117194437007894,0.02275666962213296,0.04295011604394583,0.035712826277613595,0.04553224392777164,0.021051320211514745,0.0306201500687638,0.1104968812462153,0.023534641099273515,0.022865120968970927,0.12074496744094965,0.037952771561598944,0.024785917345844725,0.03996508638654585,0.018415282619701333,0.15737137573498547,0.11723493161316814,0.021748493490197317,0.012217451557118664,0.010142999336683913,0.015820635467893446,0.027552171161122515,0.023734816671139077,0.08795298286132779,0.10882075289797384,0.026001259716029096,0.023007071525340823,0.011392425319641977,0.03567463689961679,0.03776956668503943,0.01838289536447804,0.03168808188639413,0.035917555633338205,0.036609635678591705,0.02783127630016853,0.03532381757424319,0.034146219537603724,0.03489500342117489,0.019022490961173984,0.013090825573219214,0.30598223299069555,0.01403980618541912,0.011791156229787592,0.11175480938963345,0.042670245947839594,0.03976035425599608,0.01894281593815464,0.022001270179504866,0.016919558797171334,0.02027750920415051,0.2478321695080596,0.06595465218347356,0.01991119620869351,0.016882891315425138,0.017491351136918895,0.014058852382328138,0.20928920649177507,0.02498031521868771,0.010864936215753901,0.012320387204002909,0.018863909040936277,0.09284047793516463,0.009142069682337528,0.013756748610634872,0.009836480171101796,0.04254364695735277,0.009528710588789777,0.3775212987612153,0.02149406108179237,0.01371614364397848,0.06815380292808508,0.011592953139331034,0.045445610191123996,0.013538182571182887,0.01322218092739369,0.01598444402318715,0.011585712305574834,0.019029389528865757,0.013643477366458464,0.013544589741568304,0.08708545940836056,0.011712106014538141,0.015764927115567623,0.03693290031789673,0.0209679877230093,0.01963196876827331,0.18758655101643523,0.014276290103839911,0.011771560333898066,0.008747810989557426,0.012983954827869354,0.024883022333428383,0.011476772611620696,0.046823294113210324,0.3537283046767311,0.02177429078536646,0.021246464283640985,0.03197392921373742,0.03656331937188129,0.03839115274176778,0.20060423238268954,0.03182181940657873,0.03491265678203082,0.03785879057065366,0.028012985905460128,0.03676399347955105,0.034104996113910276,0.034944893435968044
0.04988222591639655,0.02780783569663199,0.03241622027533504,0.049472967075686346,0.047790805258660904,0.10399209352274161,0.046206940599646334,0.04970406978798153,0.057897307793927426,0.041770326565542214,0.18189923327896337,0.03642109619395894,0.21034177516406038,0.0,0.4005438193224621,0.14190866242394345,0.022252455426426447,0.07797309786156616,0.4534197061612614,0.03073991011497028,0.03405606791927168,0.03706494818528014,0.03559986236485779,0.09857404372771221,0.0618839962553524,0.02429248208886224,0.032246109133794915,0.022900299047294535,0.03441887898098169,0.10574827958938904,0.017811881268450964,0.026359608648673847,0.07156046539708054,0.0630134404184819,0.0391686842419495,0.028993193487986183,0.0385468332358597,0.03620839145001196,0.03534296468827735,0.024732334219787225,0.04641312828191056,0.041550637940535796,0.09853380001597188,0.04942437633256162,0.06938899092531742,0.07979144092358617,0.0638315598582813,0.027463748821455174,0.018927843195824898,0.05174890864115729,0.05537864102478034,0.06897634308875628,0.056728047295038476,0.06985459725368816,0.04911787921574695,0.025123706024196224,0.020658814165645776,0.026205600976102996,0.025458077478237626,0.013995291969418192,0.05398664549329438,0.11123664021031933,0.014837758523488042,0.057883805580623164,0.10554182590662928,0.10885077008268444,0.08774833213428267,0.11221872642385179,0.06682309423146628,0.10616534484708616,0.04858328214815672,0.05860506571885427,0.1054569477488296,0.061992972336196654,0.06804074972456267,0.07783020312000431,0.027160888101797936,0.028261585962098695,0.08191953305363998,0.038080002428139796,0.021212634524977247,0.04111047506981414,0.07340289705233773,0.061006438160787095,0.035772756152089885,0.03138338765571805,0.04472861379075892,0.024987840425025977,0.0705994743348564,0.026978424392143163,0.03649953944096937,0.03352550680703038,0.030201470265629884,0.02806248257771851,0.022836780678713465,0.01749925890761669,0.020474286371261217,0.042034575750066555,0.02027582925848091,0.08708223255608923,0.037193938030502596,0.04118494251612734,0.03758676325184717,0.02706709216447069,0.024176447685590973,0.025355236453776707,0.07628225542985552,0.03253707129432181,0.0518352269702536,0.03633641997533151,0.04606632053140742,0.037615369594716695,0.15694544778843209,0.061048837141831624,0.08751508255419278,0.08781490705414256,0.0823675661288286,0.01782490557504868,0.05805613339564625,0.04845004942246953,0.06185512979001667,0.06161973792771185,0.04913257315722801,0.07623507561222147,0.045669378998727125,0.032520262093390664,0.0733856570983504,0.0326133764007316,0.02863153225661265,0.1008716302802416,0.052042075526233134,0.10820733708867868,0.03576878015343881,0.06005846495822047,0.1014789660372821,0.10748959947921018,0.08924515603888798,0.11634092276975232,0.08872509888064974,0.1047942620512517
